-617931 -993244 736266 -993244 0
809011 -992423 993439 -992423 0
-113158 -991413 429352 -991413 0
135986 -986395 522730 -986395 0
-435787 -973534 590190 -973534 0
-419536 -971580 242073 -971580 0
-608935 -969443 -504405 -969443 0
-559596 -961339 -517939 -961339 0
-609753 -954513 -324960 -954513 0
-768602 -954464 271673 -954464 0
-465829 -952309 301248 -952309 0
-765280 -943075 748326 -943075 0
145074 -940982 651862 -940982 0
-659512 -907401 183792 -907401 0
-875249 -885606 968041 -885606 0
-545909 -882067 684004 -882067 0
-322656 -837578 -202442 -837578 0
-173257 -836323 642423 -836323 0
-901762 -833824 -474940 -833824 0
-637543 -827043 -53363 -827043 0
-706657 -815400 -553070 -815400 0
-186041 -814190 185049 -814190 0
-901762 -814090 -474940 -814090 0
92463 -810547 99042 -810547 0
170112 -808175 207686 -808175 0
-653446 -807425 997933 -807425 0
-73552 -804722 124245 -804722 0
-370042 -803247 783949 -803247 0
-810697 -781052 -641754 -781052 0
-821106 -757507 232419 -757507 0
-945175 -756454 545883 -756454 0
-559596 -746193 -517939 -746193 0
-894235 -731077 -392343 -731077 0
118001 -727835 336920 -727835 0
-312417 -724058 548132 -724058 0
-781718 -704635 295951 -704635 0
-967595 -684721 -442815 -684721 0
-615208 -667658 -206803 -667658 0
-32543 -666963 950655 -666963 0
-256213 -663480 824326 -663480 0
-476130 -657877 581143 -657877 0
-659512 -652197 183792 -652197 0
576024 -649967 719302 -649967 0
-807203 -640502 -402041 -640502 0
-875249 -624807 968041 -624807 0
-594579 -621171 489841 -621171 0
-581555 -620751 -62739 -620751 0
11257 -603359 611053 -603359 0
-173257 -602362 642423 -602362 0
-800843 -588019 944908 -588019 0
-887253 -582657 104005 -582657 0
-355336 -577670 204510 -577670 0
-934857 -567153 752955 -567153 0
-370042 -565486 783949 -565486 0
280488 -548247 568065 -548247 0
-32543 -538585 950655 -538585 0
-807203 -534104 -402041 -534104 0
-322656 -514491 -202442 -514491 0
-969778 -492174 584413 -492174 0
-216368 -491139 411109 -491139 0
-653446 -480167 997933 -480167 0
-216368 -467217 411109 -467217 0
-61077 -465448 418956 -465448 0
-519969 -456970 934352 -456970 0
-965534 -444437 -675711 -444437 0
-637543 -440532 -53363 -440532 0
-189872 -439990 492749 -439990 0
-658465 -436250 -206247 -436250 0
-465829 -415852 301248 -415852 0
-706657 -396748 -553070 -396748 0
-93001 -395776 -18722 -395776 0
118001 -391814 336920 -391814 0
-186041 -382537 185049 -382537 0
-347350 -377462 -272527 -377462 0
1137 -366137 72627 -366137 0
-810697 -358335 -641754 -358335 0
-754117 -341388 346036 -341388 0
-412394 -340190 848820 -340190 0
-435787 -339036 590190 -339036 0
-846877 -331011 715249 -331011 0
-794434 -330441 -187371 -330441 0
-750449 -326020 -743117 -326020 0
-419536 -316014 242073 -316014 0
-944041 -312270 56930 -312270 0
-205159 -306767 640795 -306767 0
-944041 -296931 56930 -296931 0
896302 -290827 955037 -290827 0
-615208 -251532 -206803 -251532 0
-344888 -249113 518292 -249113 0
816293 -238194 903795 -238194 0
-81239 -224855 518674 -224855 0
-955828 -213338 903866 -213338 0
-312417 -206506 548132 -206506 0
572991 -168905 617628 -168905 0
-23658 -122785 -23446 -122785 0
-781718 -83470 295951 -83470 0
-355336 -68861 204510 -68861 0
-205159 -62915 640795 -62915 0
-23658 -54391 -23446 -54391 0
-945175 -53062 545883 -53062 0
-418246 -26225 3184 -26225 0
-189872 -20431 492749 -20431 0
-608935 -20061 -504405 -20061 0
92463 -17717 99042 -17717 0
-61077 -4111 418956 -4111 0
-842498 4174 2108 4174 0
-967595 5449 -442815 5449 0
280488 10011 568065 10011 0
-656454 10334 668599 10334 0
-609753 23686 -324960 23686 0
204489 28622 608314 28622 0
11257 51006 611053 51006 0
-249296 52228 46781 52228 0
-645882 58944 595132 58944 0
-74879 61096 550996 61096 0
-545909 72831 684004 72831 0
-768602 90972 271673 90972 0
-617931 110974 736266 110974 0
-418246 111754 3184 111754 0
-821106 144263 232419 144263 0
-581555 165290 -62739 165290 0
-656454 186702 668599 186702 0
94853 187001 108708 187001 0
-965534 188970 -675711 188970 0
572991 197871 617628 197871 0
274495 199274 727794 199274 0
-800843 200868 944908 200868 0
-344888 220193 518292 220193 0
-93001 244602 -18722 244602 0
-322045 245408 78284 245408 0
-195694 248986 303902 248986 0
-75314 256932 12511 256932 0
-750449 300962 -743117 300962 0
-924695 301515 -761397 301515 0
-522783 319066 96446 319066 0
53615 319149 150769 319149 0
-113158 333888 429352 333888 0
204489 338500 608314 338500 0
816293 342781 903795 342781 0
-842498 355202 2108 355202 0
-536689 362814 -491554 362814 0
-322045 362820 78284 362820 0
896302 367824 955037 367824 0
-794434 371290 -187371 371290 0
-256213 372423 824326 372423 0
616089 379447 840134 379447 0
274495 397333 727794 397333 0
696714 408169 903986 408169 0
170112 414219 207686 414219 0
-249296 418868 46781 418868 0
-924695 432977 -761397 432977 0
-658465 438842 -206247 438842 0
-696734 440475 -260110 440475 0
-123437 455940 733603 455940 0
245088 461219 948781 461219 0
-934857 465028 752955 465028 0
53615 471381 150769 471381 0
-556223 555866 395053 555866 0
-213888 559473 836058 559473 0
-696734 559630 -260110 559630 0
-81239 571806 518674 571806 0
-895862 572505 -855875 572505 0
-969778 576018 584413 576018 0
-75314 576727 12511 576727 0
-605998 582042 580103 582042 0
-412394 603853 848820 603853 0
-894235 616042 -392343 616042 0
-73552 616673 124245 616673 0
-556223 620774 395053 620774 0
-594579 620975 489841 620975 0
135986 630654 522730 630654 0
-476130 637056 581143 637056 0
-955828 647031 903866 647031 0
245088 674375 948781 674375 0
-195694 676432 303902 676432 0
-522783 703829 96446 703829 0
145074 709466 651862 709466 0
119083 735925 757549 735925 0
-887253 766860 104005 766860 0
576024 767674 719302 767674 0
-605998 768321 580103 768321 0
-645882 777751 595132 777751 0
616089 799685 840134 799685 0
-74879 800327 550996 800327 0
-846877 851826 715249 851826 0
-536689 856320 -491554 856320 0
1137 890299 72627 890299 0
-519969 893879 934352 893879 0
-754117 894818 346036 894818 0
-655967 896998 249709 896998 0
809011 902208 993439 902208 0
-123437 902618 733603 902618 0
696714 930628 903986 930628 0
119083 938835 757549 938835 0
-213888 952855 836058 952855 0
-895862 953836 -855875 953836 0
-347350 973650 -272527 973650 0
-765280 981834 748326 981834 0
94853 992440 108708 992440 0
-655967 998786 249709 998786 0
-969778 -492174 -969778 576018 0
-967595 -684721 -967595 5449 0
-965534 -444437 -965534 188970 0
-955828 -213338 -955828 647031 0
-945175 -756454 -945175 -53062 0
-944041 -312270 -944041 -296931 0
-934857 -567153 -934857 465028 0
-924695 301515 -924695 432977 0
-901762 -833824 -901762 -814090 0
-895862 572505 -895862 953836 0
-894235 -731077 -894235 616042 0
-887253 -582657 -887253 766860 0
-875249 -885606 -875249 -624807 0
-855875 572505 -855875 953836 0
-846877 -331011 -846877 851826 0
-842498 4174 -842498 355202 0
-821106 -757507 -821106 144263 0
-810697 -781052 -810697 -358335 0
-807203 -640502 -807203 -534104 0
-800843 -588019 -800843 200868 0
-794434 -330441 -794434 371290 0
-781718 -704635 -781718 -83470 0
-768602 -954464 -768602 90972 0
-765280 -943075 -765280 981834 0
-761397 301515 -761397 432977 0
-754117 -341388 -754117 894818 0
-750449 -326020 -750449 300962 0
-743117 -326020 -743117 300962 0
-706657 -815400 -706657 -396748 0
-696734 440475 -696734 559630 0
-675711 -444437 -675711 188970 0
-659512 -907401 -659512 -652197 0
-658465 -436250 -658465 438842 0
-656454 10334 -656454 186702 0
-655967 896998 -655967 998786 0
-653446 -807425 -653446 -480167 0
-645882 58944 -645882 777751 0
-641754 -781052 -641754 -358335 0
-637543 -827043 -637543 -440532 0
-617931 -993244 -617931 110974 0
-615208 -667658 -615208 -251532 0
-609753 -954513 -609753 23686 0
-608935 -969443 -608935 -20061 0
-605998 582042 -605998 768321 0
-594579 -621171 -594579 620975 0
-581555 -620751 -581555 165290 0
-559596 -961339 -559596 -746193 0
-556223 555866 -556223 620774 0
-553070 -815400 -553070 -396748 0
-545909 -882067 -545909 72831 0
-536689 362814 -536689 856320 0
-522783 319066 -522783 703829 0
-519969 -456970 -519969 893879 0
-517939 -961339 -517939 -746193 0
-504405 -969443 -504405 -20061 0
-491554 362814 -491554 856320 0
-476130 -657877 -476130 637056 0
-474940 -833824 -474940 -814090 0
-465829 -952309 -465829 -415852 0
-442815 -684721 -442815 5449 0
-435787 -973534 -435787 -339036 0
-419536 -971580 -419536 -316014 0
-418246 -26225 -418246 111754 0
-412394 -340190 -412394 603853 0
-402041 -640502 -402041 -534104 0
-392343 -731077 -392343 616042 0
-370042 -803247 -370042 -565486 0
-355336 -577670 -355336 -68861 0
-347350 -377462 -347350 973650 0
-344888 -249113 -344888 220193 0
-324960 -954513 -324960 23686 0
-322656 -837578 -322656 -514491 0
-322045 245408 -322045 362820 0
-312417 -724058 -312417 -206506 0
-272527 -377462 -272527 973650 0
-260110 440475 -260110 559630 0
-256213 -663480 -256213 372423 0
-249296 52228 -249296 418868 0
-216368 -491139 -216368 -467217 0
-213888 559473 -213888 952855 0
-206803 -667658 -206803 -251532 0
-206247 -436250 -206247 438842 0
-205159 -306767 -205159 -62915 0
-202442 -837578 -202442 -514491 0
-195694 248986 -195694 676432 0
-189872 -439990 -189872 -20431 0
-187371 -330441 -187371 371290 0
-186041 -814190 -186041 -382537 0
-173257 -836323 -173257 -602362 0
-123437 455940 -123437 902618 0
-113158 -991413 -113158 333888 0
-93001 -395776 -93001 244602 0
-81239 -224855 -81239 571806 0
-75314 256932 -75314 576727 0
-74879 61096 -74879 800327 0
-73552 -804722 -73552 616673 0
-62739 -620751 -62739 165290 0
-61077 -465448 -61077 -4111 0
-53363 -827043 -53363 -440532 0
-32543 -666963 -32543 -538585 0
-23658 -122785 -23658 -54391 0
-23446 -122785 -23446 -54391 0
-18722 -395776 -18722 244602 0
1137 -366137 1137 890299 0
2108 4174 2108 355202 0
3184 -26225 3184 111754 0
11257 -603359 11257 51006 0
12511 256932 12511 576727 0
46781 52228 46781 418868 0
53615 319149 53615 471381 0
56930 -312270 56930 -296931 0
72627 -366137 72627 890299 0
78284 245408 78284 362820 0
92463 -810547 92463 -17717 0
94853 187001 94853 992440 0
96446 319066 96446 703829 0
99042 -810547 99042 -17717 0
104005 -582657 104005 766860 0
108708 187001 108708 992440 0
118001 -727835 118001 -391814 0
119083 735925 119083 938835 0
124245 -804722 124245 616673 0
135986 -986395 135986 630654 0
145074 -940982 145074 709466 0
150769 319149 150769 471381 0
170112 -808175 170112 414219 0
183792 -907401 183792 -652197 0
185049 -814190 185049 -382537 0
204489 28622 204489 338500 0
204510 -577670 204510 -68861 0
207686 -808175 207686 414219 0
232419 -757507 232419 144263 0
242073 -971580 242073 -316014 0
245088 461219 245088 674375 0
249709 896998 249709 998786 0
271673 -954464 271673 90972 0
274495 199274 274495 397333 0
280488 -548247 280488 10011 0
295951 -704635 295951 -83470 0
301248 -952309 301248 -415852 0
303902 248986 303902 676432 0
336920 -727835 336920 -391814 0
346036 -341388 346036 894818 0
395053 555866 395053 620774 0
411109 -491139 411109 -467217 0
418956 -465448 418956 -4111 0
429352 -991413 429352 333888 0
489841 -621171 489841 620975 0
492749 -439990 492749 -20431 0
518292 -249113 518292 220193 0
518674 -224855 518674 571806 0
522730 -986395 522730 630654 0
545883 -756454 545883 -53062 0
548132 -724058 548132 -206506 0
550996 61096 550996 800327 0
568065 -548247 568065 10011 0
572991 -168905 572991 197871 0
576024 -649967 576024 767674 0
580103 582042 580103 768321 0
581143 -657877 581143 637056 0
584413 -492174 584413 576018 0
590190 -973534 590190 -339036 0
595132 58944 595132 777751 0
608314 28622 608314 338500 0
611053 -603359 611053 51006 0
616089 379447 616089 799685 0
617628 -168905 617628 197871 0
640795 -306767 640795 -62915 0
642423 -836323 642423 -602362 0
651862 -940982 651862 709466 0
668599 10334 668599 186702 0
684004 -882067 684004 72831 0
696714 408169 696714 930628 0
715249 -331011 715249 851826 0
719302 -649967 719302 767674 0
727794 199274 727794 397333 0
733603 455940 733603 902618 0
736266 -993244 736266 110974 0
748326 -943075 748326 981834 0
752955 -567153 752955 465028 0
757549 735925 757549 938835 0
783949 -803247 783949 -565486 0
809011 -992423 809011 902208 0
816293 -238194 816293 342781 0
824326 -663480 824326 372423 0
836058 559473 836058 952855 0
840134 379447 840134 799685 0
848820 -340190 848820 603853 0
896302 -290827 896302 367824 0
903795 -238194 903795 342781 0
903866 -213338 903866 647031 0
903986 408169 903986 930628 0
934352 -456970 934352 893879 0
944908 -588019 944908 200868 0
948781 461219 948781 674375 0
950655 -666963 950655 -538585 0
955037 -290827 955037 367824 0
968041 -885606 968041 -624807 0
993439 -992423 993439 902208 0
997933 -807425 997933 -480167 0
