Measure is 1978
Perimeter is 246
28 1 34 1 0
8 2 24 2 0
33 3 46 3 0
3 5 38 5 0
36 5 50 5 0
2 6 8 6 0
48 6 49 6 0
33 10 46 10 0
29 12 36 12 0
10 19 17 19 0
32 20 41 20 0
2 22 48 22 0
48 23 49 23 0
4 24 19 24 0
8 25 24 25 0
20 26 42 26 0
4 31 19 31 0
32 34 41 34 0
10 37 17 37 0
3 37 38 37 0
20 37 42 37 0
10 38 17 38 0
2 40 48 40 0
36 40 50 40 0
32 41 50 41 0
2 42 8 42 0
29 42 36 42 0
32 46 50 46 0
10 47 17 47 0
28 50 34 50 0
2 6 2 42 0
2 22 2 40 0
3 5 3 37 0
4 24 4 31 0
8 2 8 25 0
8 6 8 42 0
10 19 10 47 0
10 37 10 38 0
17 19 17 47 0
17 37 17 38 0
19 24 19 31 0
20 26 20 37 0
24 2 24 25 0
28 1 28 50 0
29 12 29 42 0
32 20 32 34 0
32 41 32 46 0
33 3 33 10 0
34 1 34 50 0
36 5 36 40 0
36 12 36 42 0
38 5 38 37 0
41 20 41 34 0
42 26 42 37 0
46 3 46 10 0
48 6 48 23 0
48 22 48 40 0
49 6 49 23 0
50 5 50 40 0
50 41 50 46 0
28 1 34 1 1
8 2 24 2 1
34 3 46 3 1
3 5 8 5 1
24 5 28 5 1
46 5 50 5 1
2 6 3 6 1
2 22 2 22 1
2 40 2 40 1
8 40 10 40 1
17 40 28 40 1
36 40 50 40 1
36 41 50 41 1
2 42 8 42 1
34 46 50 46 1
10 47 17 47 1
28 50 34 50 1
2 6 2 22 1
2 22 2 40 1
2 40 2 42 1
3 5 3 6 1
8 2 8 5 1
8 40 8 42 1
10 40 10 47 1
17 40 17 47 1
24 2 24 5 1
28 1 28 5 1
28 40 28 50 1
34 1 34 3 1
34 46 34 50 1
36 40 36 41 1
46 3 46 5 1
50 5 50 40 1
50 41 50 46 1
